刘备 1906300001 3 27
诸葛亮 1906300002 84 90
曹操 1906300003 97 77
黄月英 1906300004 62 55
赵云 1906300005 43 58
孙策 1906300006 32 17
马超 1906300007 36 12
杨修 1906300008 81 25
孙尚香 1906300009 95 63
华佗 1906300010 51 14
武则天 1906300011 92 62
杨玉环 1906300012 12 95
曹丕 1906300013 38 75
吕布 1906300014 33 26
王昭君 1906300015 42 95
黄忠 1906300016 79 41
貂蝉 1906300017 70 27
西施 1906300018 50 31
袁术 1906300019 100 81
典韦 1906300020 26 40
小乔 1906300021 53 98
刘备 1906300022 94 64
林黛玉 1906300023 28 91
王熙凤 1906300024 37 2
刘邦 1906300025 38 72
薛宝钗 1906300026 66 40
司马懿 1906300027 32 10
孙权 1906300028 26 20
史湘云 1906300029 19 100
晴雯 1906300030 89 69